define: _mark_Plus_00
	structures: Wall
	startRow: -0.125000
	startHeight: 0.572917
	width: 0.250000
	height: 3.000000

define: _mark_Plus_01
	structures: Wall
	startRow: -1.375000
	startHeight: 2.072917
	width: 1.250000
	height: 0.250000

define: _mark_Plus_02
	structures: Wall
	startRow: 0.125000
	startHeight: 2.072917
	width: 1.250000
	height: 0.250000

define: mark_Plus
	structures: _mark_Plus_00, _mark_Plus_01, _mark_Plus_02

